%YAML:1.0
R: !!opencv-matrix
   rows: 3
   cols: 3
   dt: d
   data: [ 7.9988791493219158e-001, -4.9636736492714564e-002,
       5.9809323515300161e-001, 6.7918530340222300e-002,
       9.9765850098767617e-001, -8.0367060072626915e-003,
       -5.9629388457526133e-001, 4.7050077549093225e-002,
       8.0138623236287820e-001 ]
T: !!opencv-matrix
   rows: 3
   cols: 1
   dt: d
   data: [ -2.1652813219646351e+001, -1.4408353029309644e+000,
       6.2045510619356525e+000 ]
R1: !!opencv-matrix
   rows: 3
   cols: 3
   dt: d
   data: [ 9.3563015679733941e-001, 3.1351870006134609e-003,
       3.5296795930205499e-001, 4.1421137587428674e-003,
       9.9979418570647549e-001, -1.9860239704879216e-002,
       -3.5295757901622621e-001, 2.0043872629729325e-002,
       9.3542460443640651e-001 ]
R2: !!opencv-matrix
   rows: 3
   cols: 3
   dt: d
   data: [ 9.5935138350161775e-001, 6.3837771436121016e-002,
       -2.7489936688104882e-001, -5.8191568820972976e-002,
       9.9789410579485449e-001, 2.8654754196151936e-002,
       2.7614971354626799e-001, -1.1493152655276697e-002,
       9.6104591105230586e-001 ]
P1: !!opencv-matrix
   rows: 3
   cols: 4
   dt: d
   data: [ -4.9742614527278449e+004, 0., 1.0548699359893799e+003, 0., 0.,
       -4.9742614527278449e+004, 1.0241395645141602e+003, 0., 0., 0., 1.,
       0. ]
P2: !!opencv-matrix
   rows: 3
   cols: 4
   dt: d
   data: [ -4.9742614527278449e+004, 0., 1.0548699359893799e+003,
       1.1227039017599034e+006, 0., -4.9742614527278449e+004,
       1.0241395645141602e+003, 0., 0., 0., 1., 0. ]
Q: !!opencv-matrix
   rows: 4
   cols: 4
   dt: d
   data: [ 1., 0., 0., -1.0548699359893799e+003, 0., 1., 0.,
       -1.0241395645141602e+003, 0., 0., 0., -4.9742614527278449e+004,
       0., 0., 4.4306085023222974e-002, 0. ]
