%YAML:1.0
M1: !!opencv-matrix
   rows: 3
   cols: 3
   dt: d
   data: [ 3.5182168006203069e+003, 0., 1.2321610437502943e+003, 0.,
       3.5182168006203069e+003, 1.0380730352978308e+003, 0., 0., 1. ]
D1: !!opencv-matrix
   rows: 1
   cols: 8
   dt: d
   data: [ -8.3620782381447517e-002, 1.0069242857665844e-001, 0., 0., 0.,
       0., 0., -9.1748092027186157e-001 ]
M2: !!opencv-matrix
   rows: 3
   cols: 3
   dt: d
   data: [ 3.5182168006203069e+003, 0., 1.2378335232751281e+003, 0.,
       3.5182168006203069e+003, 1.0440476367086967e+003, 0., 0., 1. ]
D2: !!opencv-matrix
   rows: 1
   cols: 8
   dt: d
   data: [ -1.2925014100087437e-001, 3.5252264484959384e-001, 0., 0., 0.,
       0., 0., -2.0835056867914620e-001 ]
